0, -4.756828;
1, -4.756828;
2, -4.756828;
3, -4.489848;
4, -4.489848;
5, -4.489848;
6, -4.237852;
7, -4.237852;
8, -4.237852;
9, -4.;
10, -4.;
11, -4.;
12, -4.;
13, -3.775498;
14, -3.775498;
15, -3.775498;
16, -3.563594;
17, -3.563594;
18, -3.563594;
19, -3.563594;
20, -3.363586;
21, -3.363586;
22, -3.363586;
23, -3.174802;
24, -3.174802;
25, -3.174802;
26, -2.996614;
27, -2.996614;
28, -2.996614;
29, -2.996614;
30, -2.828428;
31, -2.828428;
32, -2.828428;
33, -2.66968;
34, -2.66968;
35, -2.66968;
36, -2.519842;
37, -2.519842;
38, -2.519842;
39, -2.519842;
40, -2.378414;
41, -2.378414;
42, -2.378414;
43, -2.244924;
44, -2.244924;
45, -2.244924;
46, -2.118926;
47, -2.118926;
48, -2.118926;
49, -2.118926;
50, -2.;
51, -2.;
52, -2.;
53, -1.887749;
54, -1.887749;
55, -1.887749;
56, -1.887749;
57, -1.781797;
58, -1.781797;
59, -1.781797;
60, -1.681793;
61, -1.681793;
62, -1.681793;
63, -1.587401;
64, -1.587401;
65, -1.587401;
66, -1.587401;
67, -1.498307;
68, -1.498307;
69, -1.498307;
70, -1.414214;
71, -1.414214;
72, -1.414214;
73, -1.33484;
74, -1.33484;
75, -1.33484;
76, -1.33484;
77, -1.259921;
78, -1.259921;
79, -1.259921;
80, -1.189207;
81, -1.189207;
82, -1.189207;
83, -1.189207;
84, -1.122462;
85, -1.122462;
86, -1.122462;
87, -1.059463;
88, -1.059463;
89, -1.059463;
90, -1.;
91, -1.;
92, -1.;
93, -1.;
94, -0.943874;
95, -0.943874;
96, -0.943874;
97, -0.890899;
98, -0.890899;
99, -0.890899;
100, -0.840897;
101, -0.840897;
102, -0.840897;
103, -0.840897;
104, -0.793701;
105, -0.793701;
106, -0.793701;
107, -0.749154;
108, -0.749154;
109, -0.749154;
110, -0.707107;
111, -0.707107;
112, -0.707107;
113, -0.707107;
114, -0.66742;
115, -0.66742;
116, -0.66742;
117, -0.629961;
118, -0.629961;
119, -0.629961;
120, -0.629961;
121, -0.594603;
122, -0.594603;
123, -0.594603;
124, -0.561231;
125, -0.561231;
126, -0.561231;
127, -0.529732;
128, -0.529732;
129, -0.529732;
130, -0.529732;
131, -0.5;
132, -0.5;
133, -0.5;
134, -0.471937;
135, -0.471937;
136, -0.471937;
137, -0.445449;
138, -0.445449;
139, -0.445449;
140, -0.445449;
141, -0.420448;
142, -0.420448;
143, -0.420448;
144, -0.39685;
145, -0.39685;
146, -0.39685;
147, -0.39685;
148, -0.374577;
149, -0.374577;
150, -0.374577;
151, -0.353554;
152, -0.353554;
153, -0.353554;
154, -0.33371;
155, -0.33371;
156, -0.33371;
157, -0.33371;
158, -0.31498;
159, -0.31498;
160, -0.31498;
161, -0.297302;
162, -0.297302;
163, -0.297302;
164, -0.280616;
165, -0.280616;
166, -0.280616;
167, -0.280616;
168, -0.264866;
169, -0.264866;
170, -0.264866;
171, -0.25;
172, -0.25;
173, -0.25;
174, 0.25;
175, 0.25;
176, 0.25;
177, 0.25;
178, 0.264866;
179, 0.264866;
180, 0.264866;
181, 0.280616;
182, 0.280616;
183, 0.280616;
184, 0.280616;
185, 0.297302;
186, 0.297302;
187, 0.297302;
188, 0.31498;
189, 0.31498;
190, 0.31498;
191, 0.33371;
192, 0.33371;
193, 0.33371;
194, 0.33371;
195, 0.353554;
196, 0.353554;
197, 0.353554;
198, 0.374577;
199, 0.374577;
200, 0.374577;
201, 0.39685;
202, 0.39685;
203, 0.39685;
204, 0.39685;
205, 0.420448;
206, 0.420448;
207, 0.420448;
208, 0.445449;
209, 0.445449;
210, 0.445449;
211, 0.445449;
212, 0.471937;
213, 0.471937;
214, 0.471937;
215, 0.5;
216, 0.5;
217, 0.5;
218, 0.529732;
219, 0.529732;
220, 0.529732;
221, 0.529732;
222, 0.561231;
223, 0.561231;
224, 0.561231;
225, 0.594603;
226, 0.594603;
227, 0.594603;
228, 0.629961;
229, 0.629961;
230, 0.629961;
231, 0.629961;
232, 0.66742;
233, 0.66742;
234, 0.66742;
235, 0.707107;
236, 0.707107;
237, 0.707107;
238, 0.749154;
239, 0.749154;
240, 0.749154;
241, 0.749154;
242, 0.793701;
243, 0.793701;
244, 0.793701;
245, 0.840897;
246, 0.840897;
247, 0.840897;
248, 0.840897;
249, 0.890899;
250, 0.890899;
251, 0.890899;
252, 0.943874;
253, 0.943874;
254, 0.943874;
255, 1.;
256, 1.;
257, 1.;
258, 1.;
259, 1.059463;
260, 1.059463;
261, 1.059463;
262, 1.122462;
263, 1.122462;
264, 1.122462;
265, 1.189207;
266, 1.189207;
267, 1.189207;
268, 1.189207;
269, 1.259921;
270, 1.259921;
271, 1.259921;
272, 1.33484;
273, 1.33484;
274, 1.33484;
275, 1.33484;
276, 1.414214;
277, 1.414214;
278, 1.414214;
279, 1.498307;
280, 1.498307;
281, 1.498307;
282, 1.587401;
283, 1.587401;
284, 1.587401;
285, 1.587401;
286, 1.681793;
287, 1.681793;
288, 1.681793;
289, 1.781797;
290, 1.781797;
291, 1.781797;
292, 1.887749;
293, 1.887749;
294, 1.887749;
295, 1.887749;
296, 2.;
297, 2.;
298, 2.;
299, 2.118926;
300, 2.118926;
301, 2.118926;
302, 2.244924;
303, 2.244924;
304, 2.244924;
305, 2.244924;
306, 2.378414;
307, 2.378414;
308, 2.378414;
309, 2.519842;
310, 2.519842;
311, 2.519842;
312, 2.519842;
313, 2.66968;
314, 2.66968;
315, 2.66968;
316, 2.828428;
317, 2.828428;
318, 2.828428;
319, 2.996614;
320, 2.996614;
321, 2.996614;
322, 2.996614;
323, 3.174802;
324, 3.174802;
325, 3.174802;
326, 3.363586;
327, 3.363586;
328, 3.363586;
329, 3.563594;
330, 3.563594;
331, 3.563594;
332, 3.563594;
333, 3.775498;
334, 3.775498;
335, 3.775498;
336, 4.;
337, 4.;
338, 4.;
339, 4.;
340, 4.237852;
341, 4.237852;
342, 4.237852;
343, 4.489848;
344, 4.489848;
345, 4.489848;
346, 4.756828;
347, 4.756828;
348, 4.756828;
349, 4.756828;
350, 5.039684;
351, 5.039684;
352, 5.039684;
353, 5.33936;
354, 5.33936;
355, 5.33936;
356, 5.656856;
357, 5.656856;
358, 5.656856;
359, 5.656856;
360, 5.993228;
361, 5.993228;
362, 5.993228;
363, 6.349604;
364, 6.349604;
365, 6.349604;
366, 6.727172;
367, 6.727172;
368, 6.727172;
369, 6.727172;
370, 7.127188;
371, 7.127188;
372, 7.127188;
373, 7.550996;
374, 7.550996;
375, 7.550996;
376, 7.550996;
377, 8.;
378, 8.;
379, 8.;
380, 8.475704;
381, 8.475704;
382, 8.475704;
383, 8.979696;
384, 8.979696;
385, 8.979696;
386, 8.979696;
387, 9.513656;
388, 9.513656;
389, 9.513656;
390, 10.079368;
391, 10.079368;
392, 10.079368;
393, 10.67872;
394, 10.67872;
395, 10.67872;
396, 10.67872;
397, 11.313712;
398, 11.313712;
399, 11.313712;
400, 11.986456;
401, 11.986456;
402, 11.986456;
403, 11.986456;
404, 12.699208;
405, 12.699208;
406, 12.699208;
407, 13.454344;
408, 13.454344;
409, 13.454344;
410, 14.254376;
411, 14.254376;
412, 14.254376;
413, 14.254376;
414, 15.101992;
415, 15.101992;
416, 15.101992;
417, 16.;
418, 16.;
419, 16.;
420, 16.951408;
421, 16.951408;
422, 16.951408;
423, 16.951408;
424, 17.959392;
425, 17.959392;
426, 17.959392;
427, 19.027312;
428, 19.027312;
429, 19.027312;
430, 20.158736;
431, 20.158736;
432, 20.158736;
433, 20.158736;
434, 20.158736;
435, 20.158736;
436, 20.158736;
437, 20.158736;
438, 20.158736;
439, 20.158736;
440, 20.158736;
441, 20.158736;
442, 20.158736;
443, 20.158736;
444, 21.35744;
445, 21.35744;
446, 21.35744;
447, 21.35744;
448, 21.35744;
449, 21.35744;
450, 21.35744;
451, 21.35744;
452, 21.35744;
453, 21.35744;
454, 22.627424;
455, 22.627424;
456, 22.627424;
457, 22.627424;
458, 22.627424;
459, 22.627424;
460, 22.627424;
461, 22.627424;
462, 22.627424;
463, 23.972912;
464, 23.972912;
465, 23.972912;
466, 23.972912;
467, 23.972912;
468, 23.972912;
469, 23.972912;
470, 23.972912;
471, 23.972912;
472, 23.972912;
473, 25.398416;
474, 25.398416;
475, 25.398416;
476, 25.398416;
477, 25.398416;
478, 25.398416;
479, 25.398416;
480, 25.398416;
481, 25.398416;
482, 25.398416;
483, 26.908688;
484, 26.908688;
485, 26.908688;
486, 26.908688;
487, 26.908688;
488, 26.908688;
489, 26.908688;
490, 26.908688;
491, 26.908688;
492, 28.508752;
493, 28.508752;
494, 28.508752;
495, 28.508752;
496, 28.508752;
497, 28.508752;
498, 28.508752;
499, 28.508752;
500, 28.508752;
501, 28.508752;
502, 30.203984;
503, 30.203984;
504, 30.203984;
505, 30.203984;
506, 30.203984;
507, 30.203984;
508, 30.203984;
509, 30.203984;
510, 30.203984;
511, 32.;
