0, -17;
1, -17;
2, -17;
3, -17;
4, -17;
5, -17;
6, -17;
7, -17;
8, -17;
9, -17;
10, -17;
11, -17;
12, -17;
13, -16;
14, -16;
15, -16;
16, -16;
17, -16;
18, -16;
19, -16;
20, -16;
21, -16;
22, -16;
23, -16;
24, -16;
25, -16;
26, -15;
27, -15;
28, -15;
29, -15;
30, -15;
31, -15;
32, -15;
33, -15;
34, -15;
35, -15;
36, -15;
37, -15;
38, -15;
39, -15;
40, -14;
41, -14;
42, -14;
43, -14;
44, -14;
45, -14;
46, -14;
47, -14;
48, -14;
49, -14;
50, -14;
51, -14;
52, -14;
53, -13;
54, -13;
55, -13;
56, -13;
57, -13;
58, -13;
59, -13;
60, -13;
61, -13;
62, -13;
63, -13;
64, -13;
65, -13;
66, -13;
67, -12;
68, -12;
69, -12;
70, -12;
71, -12;
72, -12;
73, -12;
74, -12;
75, -12;
76, -12;
77, -12;
78, -12;
79, -12;
80, -11;
81, -11;
82, -11;
83, -11;
84, -11;
85, -11;
86, -11;
87, -11;
88, -11;
89, -11;
90, -11;
91, -11;
92, -11;
93, -11;
94, -10;
95, -10;
96, -10;
97, -10;
98, -10;
99, -10;
100, -10;
101, -10;
102, -10;
103, -10;
104, -10;
105, -10;
106, -10;
107, -9;
108, -9;
109, -9;
110, -9;
111, -9;
112, -9;
113, -9;
114, -9;
115, -9;
116, -9;
117, -9;
118, -9;
119, -9;
120, -9;
121, -8;
122, -8;
123, -8;
124, -8;
125, -8;
126, -8;
127, -8;
128, -8;
129, -8;
130, -8;
131, -8;
132, -8;
133, -8;
134, -7;
135, -7;
136, -7;
137, -7;
138, -7;
139, -7;
140, -7;
141, -7;
142, -7;
143, -7;
144, -7;
145, -7;
146, -7;
147, -7;
148, -6;
149, -6;
150, -6;
151, -6;
152, -6;
153, -6;
154, -6;
155, -6;
156, -6;
157, -6;
158, -6;
159, -6;
160, -6;
161, -5;
162, -5;
163, -5;
164, -5;
165, -5;
166, -5;
167, -5;
168, -5;
169, -5;
170, -5;
171, -5;
172, -5;
173, -5;
174, -5;
175, -4;
176, -4;
177, -4;
178, -4;
179, -4;
180, -4;
181, -4;
182, -4;
183, -4;
184, -4;
185, -4;
186, -4;
187, -4;
188, -3;
189, -3;
190, -3;
191, -3;
192, -3;
193, -3;
194, -3;
195, -3;
196, -3;
197, -3;
198, -3;
199, -3;
200, -3;
201, -3;
202, -2;
203, -2;
204, -2;
205, -2;
206, -2;
207, -2;
208, -2;
209, -2;
210, -2;
211, -2;
212, -2;
213, -2;
214, -2;
215, -1;
216, -1;
217, -1;
218, -1;
219, -1;
220, -1;
221, -1;
222, -1;
223, -1;
224, -1;
225, -1;
226, -1;
227, -1;
228, -1;
229, -0.5;
230, -0.5;
231, -0.5;
232, -0.5;
233, -0.5;
234, -0.5;
235, -0.25;
236, -0.25;
237, -0.25;
238, -0.25;
239, -0.25;
240, -0.125;
241, -0.125;
242, 0.125;
243, 0.125;
244, 0.25;
245, 0.25;
246, 0.25;
247, 0.25;
248, 0.25;
249, 0.5;
250, 0.5;
251, 0.5;
252, 0.5;
253, 0.5;
254, 0.5;
255, 1.;
256, 1;
257, 1;
258, 1;
259, 1;
260, 1;
261, 1;
262, 1;
263, 1;
264, 1;
265, 1;
266, 1;
267, 1;
268, 1;
269, 2;
270, 2;
271, 2;
272, 2;
273, 2;
274, 2;
275, 2;
276, 2;
277, 2;
278, 2;
279, 2;
280, 2;
281, 2;
282, 3;
283, 3;
284, 3;
285, 3;
286, 3;
287, 3;
288, 3;
289, 3;
290, 3;
291, 3;
292, 3;
293, 3;
294, 3;
295, 3;
296, 4;
297, 4;
298, 4;
299, 4;
300, 4;
301, 4;
302, 4;
303, 4;
304, 4;
305, 4;
306, 4;
307, 4;
308, 4;
309, 5;
310, 5;
311, 5;
312, 5;
313, 5;
314, 5;
315, 5;
316, 5;
317, 5;
318, 5;
319, 5;
320, 5;
321, 5;
322, 5;
323, 6;
324, 6;
325, 6;
326, 6;
327, 6;
328, 6;
329, 6;
330, 6;
331, 6;
332, 6;
333, 6;
334, 6;
335, 6;
336, 7;
337, 7;
338, 7;
339, 7;
340, 7;
341, 7;
342, 7;
343, 7;
344, 7;
345, 7;
346, 7;
347, 7;
348, 7;
349, 7;
350, 8;
351, 8;
352, 8;
353, 8;
354, 8;
355, 8;
356, 8;
357, 8;
358, 8;
359, 8;
360, 8;
361, 8;
362, 8;
363, 9;
364, 9;
365, 9;
366, 9;
367, 9;
368, 9;
369, 9;
370, 9;
371, 9;
372, 9;
373, 9;
374, 9;
375, 9;
376, 9;
377, 10;
378, 10;
379, 10;
380, 10;
381, 10;
382, 10;
383, 10;
384, 10;
385, 10;
386, 10;
387, 10;
388, 10;
389, 10;
390, 11;
391, 11;
392, 11;
393, 11;
394, 11;
395, 11;
396, 11;
397, 11;
398, 11;
399, 11;
400, 11;
401, 11;
402, 11;
403, 11;
404, 12;
405, 12;
406, 12;
407, 12;
408, 12;
409, 12;
410, 12;
411, 12;
412, 12;
413, 12;
414, 12;
415, 12;
416, 12;
417, 13;
418, 13;
419, 13;
420, 13;
421, 13;
422, 13;
423, 13;
424, 13;
425, 13;
426, 13;
427, 13;
428, 13;
429, 13;
430, 13;
431, 14;
432, 14;
433, 14;
434, 14;
435, 14;
436, 14;
437, 14;
438, 14;
439, 14;
440, 14;
441, 14;
442, 14;
443, 14;
444, 15;
445, 15;
446, 15;
447, 15;
448, 15;
449, 15;
450, 15;
451, 15;
452, 15;
453, 15;
454, 15;
455, 15;
456, 15;
457, 15;
458, 16;
459, 16;
460, 16;
461, 16;
462, 16;
463, 16;
464, 16;
465, 16;
466, 16;
467, 16;
468, 16;
469, 16;
470, 16;
471, 17;
472, 17;
473, 17;
474, 17;
475, 17;
476, 17;
477, 17;
478, 17;
479, 17;
480, 17;
481, 17;
482, 17;
483, 17;
484, 17;
485, 18;
486, 18;
487, 18;
488, 18;
489, 18;
490, 18;
491, 18;
492, 18;
493, 18;
494, 18;
495, 18;
496, 18;
497, 18;
498, 19;
499, 19;
500, 19;
501, 19;
502, 19;
503, 19;
504, 19;
505, 19;
506, 19;
507, 19;
508, 19;
509, 19;
510, 19;
511, 20;
