0, -5.339359;
1, -5.339359;
2, -5.339359;
3, -5.339359;
4, -5.339359;
5, -5.339359;
6, -5.039684;
7, -5.039684;
8, -5.039684;
9, -4.489848;
10, -4.489848;
11, -4.489848;
12, -4.489848;
13, -4.489848;
14, -4.489848;
15, -4.;
16, -4.;
17, -4.;
18, -4.;
19, -4.;
20, -4.;
21, -4.;
22, -3.775497;
23, -3.775497;
24, -3.775497;
25, -3.363586;
26, -3.363586;
27, -3.363586;
28, -3.363586;
29, -3.363586;
30, -3.363586;
31, -3.363586;
32, -2.996614;
33, -2.996614;
34, -2.996614;
35, -2.996614;
36, -2.996614;
37, -2.996614;
38, -2.66968;
39, -2.66968;
40, -2.66968;
41, -2.66968;
42, -2.66968;
43, -2.66968;
44, -2.519842;
45, -2.519842;
46, -2.519842;
47, -2.519842;
48, -2.244924;
49, -2.244924;
50, -2.244924;
51, -2.244924;
52, -2.244924;
53, -2.244924;
54, -2.;
55, -2.;
56, -2.;
57, -2.;
58, -2.;
59, -2.;
60, -2.;
61, -1.887749;
62, -1.887749;
63, -1.887749;
64, -1.681793;
65, -1.681793;
66, -1.681793;
67, -1.681793;
68, -1.681793;
69, -1.681793;
70, -1.498307;
71, -1.498307;
72, -1.498307;
73, -1.498307;
74, -1.498307;
75, -1.498307;
76, -1.498307;
77, -1.33484;
78, -1.33484;
79, -1.33484;
80, -1.33484;
81, -1.33484;
82, -1.33484;
83, -1.259921;
84, -1.259921;
85, -1.259921;
86, -1.122462;
87, -1.122462;
88, -1.122462;
89, -1.122462;
90, -1.122462;
91, -1.122462;
92, -1.122462;
93, -1.;
94, -1.;
95, -1.;
96, -1.;
97, -1.;
98, -1.;
99, -0.943874;
100, -0.943874;
101, -0.943874;
102, -0.840896;
103, -0.840896;
104, -0.840896;
105, -0.840896;
106, -0.840896;
107, -0.840896;
108, -0.840896;
109, -0.749154;
110, -0.749154;
111, -0.749154;
112, -0.749154;
113, -0.749154;
114, -0.749154;
115, -0.66742;
116, -0.66742;
117, -0.66742;
118, -0.66742;
119, -0.66742;
120, -0.66742;
121, -0.66742;
122, -0.629961;
123, -0.629961;
124, -0.629961;
125, -0.561231;
126, -0.561231;
127, -0.561231;
128, -0.561231;
129, -0.561231;
130, -0.561231;
131, -0.5;
132, -0.5;
133, -0.5;
134, -0.5;
135, -0.5;
136, -0.5;
137, -0.5;
138, -0.471937;
139, -0.471937;
140, -0.471937;
141, -0.420448;
142, -0.420448;
143, -0.420448;
144, -0.420448;
145, -0.420448;
146, -0.420448;
147, -0.420448;
148, -0.374577;
149, -0.374577;
150, -0.374577;
151, -0.374577;
152, -0.374577;
153, -0.374577;
154, -0.33371;
155, -0.33371;
156, -0.33371;
157, -0.33371;
158, -0.33371;
159, -0.33371;
160, -0.31498;
161, -0.31498;
162, -0.31498;
163, -0.31498;
164, -0.280616;
165, -0.280616;
166, -0.280616;
167, -0.280616;
168, -0.280616;
169, -0.280616;
170, -0.25;
171, -0.25;
172, -0.25;
173, -0.25;
174, -0.25;
175, -0.25;
176, -0.25;
177, 0.25;
178, 0.25;
179, 0.25;
180, 0.25;
181, 0.280616;
182, 0.280616;
183, 0.280616;
184, 0.280616;
185, 0.280616;
186, 0.280616;
187, 0.31498;
188, 0.31498;
189, 0.31498;
190, 0.31498;
191, 0.33371;
192, 0.33371;
193, 0.33371;
194, 0.33371;
195, 0.33371;
196, 0.33371;
197, 0.374577;
198, 0.374577;
199, 0.374577;
200, 0.374577;
201, 0.374577;
202, 0.374577;
203, 0.420448;
204, 0.420448;
205, 0.420448;
206, 0.420448;
207, 0.420448;
208, 0.420448;
209, 0.420448;
210, 0.471937;
211, 0.471937;
212, 0.471937;
213, 0.5;
214, 0.5;
215, 0.5;
216, 0.5;
217, 0.5;
218, 0.5;
219, 0.5;
220, 0.561231;
221, 0.561231;
222, 0.561231;
223, 0.561231;
224, 0.561231;
225, 0.561231;
226, 0.629961;
227, 0.629961;
228, 0.629961;
229, 0.66742;
230, 0.66742;
231, 0.66742;
232, 0.66742;
233, 0.66742;
234, 0.66742;
235, 0.66742;
236, 0.749154;
237, 0.749154;
238, 0.749154;
239, 0.749154;
240, 0.749154;
241, 0.749154;
242, 0.840896;
243, 0.840896;
244, 0.840896;
245, 0.840896;
246, 0.840896;
247, 0.840896;
248, 0.840896;
249, 0.943874;
250, 0.943874;
251, 0.943874;
252, 1.;
253, 1.;
254, 1.;
255, 1.;
256, 1.;
257, 1.;
258, 1.122462;
259, 1.122462;
260, 1.122462;
261, 1.122462;
262, 1.122462;
263, 1.122462;
264, 1.122462;
265, 1.259921;
266, 1.259921;
267, 1.259921;
268, 1.33484;
269, 1.33484;
270, 1.33484;
271, 1.33484;
272, 1.33484;
273, 1.33484;
274, 1.498307;
275, 1.498307;
276, 1.498307;
277, 1.498307;
278, 1.498307;
279, 1.498307;
280, 1.498307;
281, 1.681793;
282, 1.681793;
283, 1.681793;
284, 1.681793;
285, 1.681793;
286, 1.681793;
287, 1.887749;
288, 1.887749;
289, 1.887749;
290, 2.;
291, 2.;
292, 2.;
293, 2.;
294, 2.;
295, 2.;
296, 2.;
297, 2.244924;
298, 2.244924;
299, 2.244924;
300, 2.244924;
301, 2.244924;
302, 2.244924;
303, 2.519842;
304, 2.519842;
305, 2.519842;
306, 2.519842;
307, 2.66968;
308, 2.66968;
309, 2.66968;
310, 2.66968;
311, 2.66968;
312, 2.66968;
313, 2.996614;
314, 2.996614;
315, 2.996614;
316, 2.996614;
317, 2.996614;
318, 2.996614;
319, 3.363586;
320, 3.363586;
321, 3.363586;
322, 3.363586;
323, 3.363586;
324, 3.363586;
325, 3.363586;
326, 3.775497;
327, 3.775497;
328, 3.775497;
329, 4.;
330, 4.;
331, 4.;
332, 4.;
333, 4.;
334, 4.;
335, 4.;
336, 4.489848;
337, 4.489848;
338, 4.489848;
339, 4.489848;
340, 4.489848;
341, 4.489848;
342, 5.039684;
343, 5.039684;
344, 5.039684;
345, 5.339359;
346, 5.339359;
347, 5.339359;
348, 5.339359;
349, 5.339359;
350, 5.339359;
351, 5.339359;
352, 5.993228;
353, 5.993228;
354, 5.993228;
355, 5.993228;
356, 5.993228;
357, 5.993228;
358, 6.727171;
359, 6.727171;
360, 6.727171;
361, 6.727171;
362, 6.727171;
363, 6.727171;
364, 6.727171;
365, 7.550994;
366, 7.550994;
367, 7.550994;
368, 8.;
369, 8.;
370, 8.;
371, 8.;
372, 8.;
373, 8.;
374, 8.979696;
375, 8.979696;
376, 8.979696;
377, 8.979696;
378, 8.979696;
379, 8.979696;
380, 8.979696;
381, 10.079368;
382, 10.079368;
383, 10.079368;
384, 10.678719;
385, 10.678719;
386, 10.678719;
387, 10.678719;
388, 10.678719;
389, 10.678719;
390, 11.986457;
391, 11.986457;
392, 11.986457;
393, 11.986457;
394, 11.986457;
395, 11.986457;
396, 11.986457;
397, 13.454343;
398, 13.454343;
399, 13.454343;
400, 13.454343;
401, 13.454343;
402, 13.454343;
403, 15.101989;
404, 15.101989;
405, 15.101989;
406, 16.;
407, 16.;
408, 16.;
409, 16.;
410, 16.;
411, 16.;
412, 16.;
413, 17.959393;
414, 17.959393;
415, 17.959393;
416, 17.959393;
417, 17.959393;
418, 17.959393;
419, 20.158737;
420, 20.158737;
421, 20.158737;
422, 20.158737;
423, 21.357438;
424, 21.357438;
425, 21.357438;
426, 21.357438;
427, 21.357438;
428, 21.357438;
429, 23.972913;
430, 23.972913;
431, 23.972913;
432, 23.972913;
433, 23.972913;
434, 23.972913;
435, 26.908685;
436, 26.908685;
437, 26.908685;
438, 26.908685;
439, 26.908685;
440, 26.908685;
441, 26.908685;
442, 30.203978;
443, 30.203978;
444, 30.203978;
445, 32.;
446, 32.;
447, 32.;
448, 32.;
449, 32.;
450, 32.;
451, 32.;
452, 35.918785;
453, 35.918785;
454, 35.918785;
455, 35.918785;
456, 35.918785;
457, 35.918785;
458, 40.317474;
459, 40.317474;
460, 40.317474;
461, 42.714875;
462, 42.714875;
463, 42.714875;
464, 42.714875;
465, 42.714875;
466, 42.714875;
467, 42.714875;
468, 47.945826;
469, 47.945826;
470, 47.945826;
471, 47.945826;
472, 47.945826;
473, 47.945826;
474, 53.81737;
475, 53.81737;
476, 53.81737;
477, 53.81737;
478, 53.81737;
479, 53.81737;
480, 53.81737;
481, 60.407956;
482, 60.407956;
483, 60.407956;
484, 64.;
485, 64.;
486, 64.;
487, 64.;
488, 64.;
489, 64.;
490, 71.837571;
491, 71.837571;
492, 71.837571;
493, 71.837571;
494, 71.837571;
495, 71.837571;
496, 71.837571;
497, 80.634947;
498, 80.634947;
499, 80.634947;
500, 85.42975;
501, 85.42975;
502, 85.42975;
503, 85.42975;
504, 85.42975;
505, 85.42975;
506, 95.891653;
507, 95.891653;
508, 95.891653;
509, 95.891653;
510, 95.891653;
511, 95.891653;
