0, -5.339359;
1, -5.339359;
2, -5.339359;
3, -5.339359;
4, -5.339359;
5, -5.339359;
6, -4.756828;
7, -4.756828;
8, -4.756828;
9, -4.756828;
10, -4.756828;
11, -4.756828;
12, -4.489848;
13, -4.489848;
14, -4.489848;
15, -4.;
16, -4.;
17, -4.;
18, -4.;
19, -4.;
20, -4.;
21, -4.;
22, -3.775497;
23, -3.775497;
24, -3.775497;
25, -3.174802;
26, -3.174802;
27, -3.174802;
28, -3.174802;
29, -3.174802;
30, -3.174802;
31, -3.174802;
32, -3.174802;
33, -3.174802;
34, -3.174802;
35, -2.996614;
36, -2.996614;
37, -2.996614;
38, -2.66968;
39, -2.66968;
40, -2.66968;
41, -2.66968;
42, -2.66968;
43, -2.66968;
44, -2.378414;
45, -2.378414;
46, -2.378414;
47, -2.378414;
48, -2.378414;
49, -2.378414;
50, -2.378414;
51, -2.244924;
52, -2.244924;
53, -2.244924;
54, -2.;
55, -2.;
56, -2.;
57, -2.;
58, -2.;
59, -2.;
60, -2.;
61, -1.887749;
62, -1.887749;
63, -1.887749;
64, -1.587401;
65, -1.587401;
66, -1.587401;
67, -1.587401;
68, -1.587401;
69, -1.587401;
70, -1.587401;
71, -1.587401;
72, -1.587401;
73, -1.498307;
74, -1.498307;
75, -1.498307;
76, -1.498307;
77, -1.33484;
78, -1.33484;
79, -1.33484;
80, -1.33484;
81, -1.33484;
82, -1.33484;
83, -1.189207;
84, -1.189207;
85, -1.189207;
86, -1.189207;
87, -1.189207;
88, -1.189207;
89, -1.189207;
90, -1.122462;
91, -1.122462;
92, -1.122462;
93, -1.;
94, -1.;
95, -1.;
96, -1.;
97, -1.;
98, -1.;
99, -0.943874;
100, -0.943874;
101, -0.943874;
102, -0.793701;
103, -0.793701;
104, -0.793701;
105, -0.793701;
106, -0.793701;
107, -0.793701;
108, -0.793701;
109, -0.793701;
110, -0.793701;
111, -0.793701;
112, -0.749154;
113, -0.749154;
114, -0.749154;
115, -0.66742;
116, -0.66742;
117, -0.66742;
118, -0.66742;
119, -0.66742;
120, -0.66742;
121, -0.66742;
122, -0.594604;
123, -0.594604;
124, -0.594604;
125, -0.594604;
126, -0.594604;
127, -0.594604;
128, -0.561231;
129, -0.561231;
130, -0.561231;
131, -0.5;
132, -0.5;
133, -0.5;
134, -0.5;
135, -0.5;
136, -0.5;
137, -0.5;
138, -0.471937;
139, -0.471937;
140, -0.471937;
141, -0.39685;
142, -0.39685;
143, -0.39685;
144, -0.39685;
145, -0.39685;
146, -0.39685;
147, -0.39685;
148, -0.39685;
149, -0.39685;
150, -0.39685;
151, -0.374577;
152, -0.374577;
153, -0.374577;
154, -0.33371;
155, -0.33371;
156, -0.33371;
157, -0.33371;
158, -0.33371;
159, -0.33371;
160, -0.297302;
161, -0.297302;
162, -0.297302;
163, -0.297302;
164, -0.297302;
165, -0.297302;
166, -0.297302;
167, -0.280616;
168, -0.280616;
169, -0.280616;
170, -0.25;
171, -0.25;
172, -0.25;
173, -0.25;
174, -0.25;
175, -0.25;
176, -0.25;
177, 0.25;
178, 0.25;
179, 0.25;
180, 0.25;
181, 0.280616;
182, 0.280616;
183, 0.280616;
184, 0.297302;
185, 0.297302;
186, 0.297302;
187, 0.297302;
188, 0.297302;
189, 0.297302;
190, 0.297302;
191, 0.33371;
192, 0.33371;
193, 0.33371;
194, 0.33371;
195, 0.33371;
196, 0.33371;
197, 0.374577;
198, 0.374577;
199, 0.374577;
200, 0.39685;
201, 0.39685;
202, 0.39685;
203, 0.39685;
204, 0.39685;
205, 0.39685;
206, 0.39685;
207, 0.39685;
208, 0.39685;
209, 0.39685;
210, 0.471937;
211, 0.471937;
212, 0.471937;
213, 0.5;
214, 0.5;
215, 0.5;
216, 0.5;
217, 0.5;
218, 0.5;
219, 0.5;
220, 0.561231;
221, 0.561231;
222, 0.561231;
223, 0.594604;
224, 0.594604;
225, 0.594604;
226, 0.594604;
227, 0.594604;
228, 0.594604;
229, 0.66742;
230, 0.66742;
231, 0.66742;
232, 0.66742;
233, 0.66742;
234, 0.66742;
235, 0.66742;
236, 0.749154;
237, 0.749154;
238, 0.749154;
239, 0.793701;
240, 0.793701;
241, 0.793701;
242, 0.793701;
243, 0.793701;
244, 0.793701;
245, 0.793701;
246, 0.793701;
247, 0.793701;
248, 0.793701;
249, 0.943874;
250, 0.943874;
251, 0.943874;
252, 1.;
253, 1.;
254, 1.;
255, 1.;
256, 1.;
257, 1.;
258, 1.122462;
259, 1.122462;
260, 1.122462;
261, 1.189207;
262, 1.189207;
263, 1.189207;
264, 1.189207;
265, 1.189207;
266, 1.189207;
267, 1.189207;
268, 1.33484;
269, 1.33484;
270, 1.33484;
271, 1.33484;
272, 1.33484;
273, 1.33484;
274, 1.498307;
275, 1.498307;
276, 1.498307;
277, 1.498307;
278, 1.587401;
279, 1.587401;
280, 1.587401;
281, 1.587401;
282, 1.587401;
283, 1.587401;
284, 1.587401;
285, 1.587401;
286, 1.587401;
287, 1.887749;
288, 1.887749;
289, 1.887749;
290, 2.;
291, 2.;
292, 2.;
293, 2.;
294, 2.;
295, 2.;
296, 2.;
297, 2.244924;
298, 2.244924;
299, 2.244924;
300, 2.378414;
301, 2.378414;
302, 2.378414;
303, 2.378414;
304, 2.378414;
305, 2.378414;
306, 2.378414;
307, 2.66968;
308, 2.66968;
309, 2.66968;
310, 2.66968;
311, 2.66968;
312, 2.66968;
313, 2.996614;
314, 2.996614;
315, 2.996614;
316, 3.174802;
317, 3.174802;
318, 3.174802;
319, 3.174802;
320, 3.174802;
321, 3.174802;
322, 3.174802;
323, 3.174802;
324, 3.174802;
325, 3.174802;
326, 3.775497;
327, 3.775497;
328, 3.775497;
329, 4.;
330, 4.;
331, 4.;
332, 4.;
333, 4.;
334, 4.;
335, 4.;
336, 4.489848;
337, 4.489848;
338, 4.489848;
339, 4.756828;
340, 4.756828;
341, 4.756828;
342, 4.756828;
343, 4.756828;
344, 4.756828;
345, 5.339359;
346, 5.339359;
347, 5.339359;
348, 5.339359;
349, 5.339359;
350, 5.339359;
351, 5.339359;
352, 5.993228;
353, 5.993228;
354, 5.993228;
355, 6.349604;
356, 6.349604;
357, 6.349604;
358, 6.349604;
359, 6.349604;
360, 6.349604;
361, 6.349604;
362, 6.349604;
363, 6.349604;
364, 6.349604;
365, 7.550994;
366, 7.550994;
367, 7.550994;
368, 8.;
369, 8.;
370, 8.;
371, 8.;
372, 8.;
373, 8.;
374, 8.979696;
375, 8.979696;
376, 8.979696;
377, 9.513657;
378, 9.513657;
379, 9.513657;
380, 9.513657;
381, 9.513657;
382, 9.513657;
383, 9.513657;
384, 10.678719;
385, 10.678719;
386, 10.678719;
387, 10.678719;
388, 10.678719;
389, 10.678719;
390, 11.986457;
391, 11.986457;
392, 11.986457;
393, 11.986457;
394, 12.699208;
395, 12.699208;
396, 12.699208;
397, 12.699208;
398, 12.699208;
399, 12.699208;
400, 12.699208;
401, 12.699208;
402, 12.699208;
403, 15.101989;
404, 15.101989;
405, 15.101989;
406, 16.;
407, 16.;
408, 16.;
409, 16.;
410, 16.;
411, 16.;
412, 16.;
413, 17.959393;
414, 17.959393;
415, 17.959393;
416, 19.027314;
417, 19.027314;
418, 19.027314;
419, 19.027314;
420, 19.027314;
421, 19.027314;
422, 19.027314;
423, 21.357438;
424, 21.357438;
425, 21.357438;
426, 21.357438;
427, 21.357438;
428, 21.357438;
429, 23.972913;
430, 23.972913;
431, 23.972913;
432, 25.398417;
433, 25.398417;
434, 25.398417;
435, 25.398417;
436, 25.398417;
437, 25.398417;
438, 25.398417;
439, 25.398417;
440, 25.398417;
441, 25.398417;
442, 30.203978;
443, 30.203978;
444, 30.203978;
445, 32.;
446, 32.;
447, 32.;
448, 32.;
449, 32.;
450, 32.;
451, 32.;
452, 35.918785;
453, 35.918785;
454, 35.918785;
455, 38.054628;
456, 38.054628;
457, 38.054628;
458, 38.054628;
459, 38.054628;
460, 38.054628;
461, 42.714875;
462, 42.714875;
463, 42.714875;
464, 42.714875;
465, 42.714875;
466, 42.714875;
467, 42.714875;
468, 47.945826;
469, 47.945826;
470, 47.945826;
471, 50.796834;
472, 50.796834;
473, 50.796834;
474, 50.796834;
475, 50.796834;
476, 50.796834;
477, 50.796834;
478, 50.796834;
479, 50.796834;
480, 50.796834;
481, 60.407956;
482, 60.407956;
483, 60.407956;
484, 64.;
485, 64.;
486, 64.;
487, 64.;
488, 64.;
489, 64.;
490, 71.837571;
491, 71.837571;
492, 71.837571;
493, 76.109255;
494, 76.109255;
495, 76.109255;
496, 76.109255;
497, 76.109255;
498, 76.109255;
499, 76.109255;
500, 85.42975;
501, 85.42975;
502, 85.42975;
503, 85.42975;
504, 85.42975;
505, 85.42975;
506, 95.891653;
507, 95.891653;
508, 95.891653;
509, 95.891653;
510, 101.593667;
511, 101.593667;
