0, -17.925781;
1, -17.851562;
2, -17.777344;
3, -17.703125;
4, -17.628906;
5, -17.554687;
6, -17.480469;
7, -17.40625;
8, -17.332031;
9, -17.257812;
10, -17.183594;
11, -17.109375;
12, -17.035156;
13, -16.960937;
14, -16.886719;
15, -16.8125;
16, -16.738281;
17, -16.664062;
18, -16.589844;
19, -16.515625;
20, -16.441406;
21, -16.367187;
22, -16.292969;
23, -16.21875;
24, -16.144531;
25, -16.070312;
26, -15.996094;
27, -15.921875;
28, -15.847656;
29, -15.773437;
30, -15.699219;
31, -15.625;
32, -15.550781;
33, -15.476562;
34, -15.402344;
35, -15.328125;
36, -15.253906;
37, -15.179687;
38, -15.105469;
39, -15.03125;
40, -14.957031;
41, -14.882812;
42, -14.808594;
43, -14.734375;
44, -14.660156;
45, -14.585937;
46, -14.511719;
47, -14.4375;
48, -14.363281;
49, -14.289062;
50, -14.214844;
51, -14.140625;
52, -14.066406;
53, -13.992187;
54, -13.917969;
55, -13.84375;
56, -13.769531;
57, -13.695312;
58, -13.621094;
59, -13.546875;
60, -13.472656;
61, -13.398437;
62, -13.324219;
63, -13.25;
64, -13.175781;
65, -13.101562;
66, -13.027344;
67, -12.953125;
68, -12.878906;
69, -12.804687;
70, -12.730469;
71, -12.65625;
72, -12.582031;
73, -12.507812;
74, -12.433594;
75, -12.359375;
76, -12.285156;
77, -12.210937;
78, -12.136719;
79, -12.0625;
80, -11.988281;
81, -11.914062;
82, -11.839844;
83, -11.765625;
84, -11.691406;
85, -11.617187;
86, -11.542969;
87, -11.46875;
88, -11.394531;
89, -11.320312;
90, -11.246094;
91, -11.171875;
92, -11.097656;
93, -11.023437;
94, -10.949219;
95, -10.875;
96, -10.800781;
97, -10.726562;
98, -10.652344;
99, -10.578125;
100, -10.503906;
101, -10.429687;
102, -10.355469;
103, -10.28125;
104, -10.207031;
105, -10.132812;
106, -10.058594;
107, -9.984375;
108, -9.910156;
109, -9.835937;
110, -9.761719;
111, -9.6875;
112, -9.613281;
113, -9.539062;
114, -9.464844;
115, -9.390625;
116, -9.316406;
117, -9.242187;
118, -9.167969;
119, -9.09375;
120, -9.019531;
121, -8.945312;
122, -8.871094;
123, -8.796875;
124, -8.722656;
125, -8.648437;
126, -8.574219;
127, -8.5;
128, -8.425781;
129, -8.351562;
130, -8.277344;
131, -8.203125;
132, -8.128906;
133, -8.054687;
134, -7.980469;
135, -7.90625;
136, -7.832031;
137, -7.757812;
138, -7.683594;
139, -7.609375;
140, -7.535156;
141, -7.460937;
142, -7.386719;
143, -7.3125;
144, -7.238281;
145, -7.164062;
146, -7.089844;
147, -7.015625;
148, -6.941406;
149, -6.867187;
150, -6.792969;
151, -6.71875;
152, -6.644531;
153, -6.570312;
154, -6.496094;
155, -6.421875;
156, -6.347656;
157, -6.273437;
158, -6.199219;
159, -6.125;
160, -6.050781;
161, -5.976562;
162, -5.902344;
163, -5.828125;
164, -5.753906;
165, -5.679687;
166, -5.605469;
167, -5.53125;
168, -5.457031;
169, -5.382812;
170, -5.308594;
171, -5.234375;
172, -5.160156;
173, -5.085937;
174, -5.011719;
175, -4.9375;
176, -4.863281;
177, -4.789062;
178, -4.714844;
179, -4.640625;
180, -4.566406;
181, -4.492187;
182, -4.417969;
183, -4.34375;
184, -4.269531;
185, -4.195312;
186, -4.121094;
187, -4.046875;
188, -3.972656;
189, -3.898437;
190, -3.824219;
191, -3.75;
192, -3.675781;
193, -3.601562;
194, -3.527344;
195, -3.453125;
196, -3.378906;
197, -3.304687;
198, -3.230469;
199, -3.15625;
200, -3.082031;
201, -3.007812;
202, -2.933594;
203, -2.859375;
204, -2.785156;
205, -2.710937;
206, -2.636719;
207, -2.5625;
208, -2.488281;
209, -2.414062;
210, -2.339844;
211, -2.265625;
212, -2.191406;
213, -2.117187;
214, -2.042969;
215, -1.96875;
216, -1.894531;
217, -1.820312;
218, -1.746094;
219, -1.671875;
220, -1.597656;
221, -1.523437;
222, -1.449219;
223, -1.375;
224, -1.300781;
225, -1.226562;
226, -1.152344;
227, -1.078125;
228, -1.003906;
229, -0.929687;
230, -0.855469;
231, -0.78125;
232, -0.707031;
233, -0.632812;
234, -0.558594;
235, -0.484375;
236, -0.410156;
237, -0.335937;
238, -0.261719;
239, -0.1875;
240, -0.113281;
241, -0.039062;
242, 0.035156;
243, 0.109375;
244, 0.183594;
245, 0.257813;
246, 0.332031;
247, 0.40625;
248, 0.480469;
249, 0.554688;
250, 0.628906;
251, 0.703125;
252, 0.777344;
253, 0.851563;
254, 0.925781;
255, 1.;
256, 1.074219;
257, 1.148438;
258, 1.222656;
259, 1.296875;
260, 1.371094;
261, 1.445313;
262, 1.519531;
263, 1.59375;
264, 1.667969;
265, 1.742188;
266, 1.816406;
267, 1.890625;
268, 1.964844;
269, 2.039063;
270, 2.113281;
271, 2.1875;
272, 2.261719;
273, 2.335938;
274, 2.410156;
275, 2.484375;
276, 2.558594;
277, 2.632813;
278, 2.707031;
279, 2.78125;
280, 2.855469;
281, 2.929688;
282, 3.003906;
283, 3.078125;
284, 3.152344;
285, 3.226563;
286, 3.300781;
287, 3.375;
288, 3.449219;
289, 3.523438;
290, 3.597656;
291, 3.671875;
292, 3.746094;
293, 3.820313;
294, 3.894531;
295, 3.96875;
296, 4.042969;
297, 4.117188;
298, 4.191406;
299, 4.265625;
300, 4.339844;
301, 4.414063;
302, 4.488281;
303, 4.5625;
304, 4.636719;
305, 4.710938;
306, 4.785156;
307, 4.859375;
308, 4.933594;
309, 5.007813;
310, 5.082031;
311, 5.15625;
312, 5.230469;
313, 5.304688;
314, 5.378906;
315, 5.453125;
316, 5.527344;
317, 5.601563;
318, 5.675781;
319, 5.75;
320, 5.824219;
321, 5.898438;
322, 5.972656;
323, 6.046875;
324, 6.121094;
325, 6.195313;
326, 6.269531;
327, 6.34375;
328, 6.417969;
329, 6.492188;
330, 6.566406;
331, 6.640625;
332, 6.714844;
333, 6.789063;
334, 6.863281;
335, 6.9375;
336, 7.011719;
337, 7.085938;
338, 7.160156;
339, 7.234375;
340, 7.308594;
341, 7.382813;
342, 7.457031;
343, 7.53125;
344, 7.605469;
345, 7.679688;
346, 7.753906;
347, 7.828125;
348, 7.902344;
349, 7.976563;
350, 8.050781;
351, 8.125;
352, 8.199219;
353, 8.273438;
354, 8.347656;
355, 8.421875;
356, 8.496094;
357, 8.570313;
358, 8.644531;
359, 8.71875;
360, 8.792969;
361, 8.867188;
362, 8.941406;
363, 9.015625;
364, 9.089844;
365, 9.164063;
366, 9.238281;
367, 9.3125;
368, 9.386719;
369, 9.460938;
370, 9.535156;
371, 9.609375;
372, 9.683594;
373, 9.757813;
374, 9.832031;
375, 9.90625;
376, 9.980469;
377, 10.054688;
378, 10.128906;
379, 10.203125;
380, 10.277344;
381, 10.351563;
382, 10.425781;
383, 10.5;
384, 10.574219;
385, 10.648438;
386, 10.722656;
387, 10.796875;
388, 10.871094;
389, 10.945313;
390, 11.019531;
391, 11.09375;
392, 11.167969;
393, 11.242188;
394, 11.316406;
395, 11.390625;
396, 11.464844;
397, 11.539063;
398, 11.613281;
399, 11.6875;
400, 11.761719;
401, 11.835938;
402, 11.910156;
403, 11.984375;
404, 12.058594;
405, 12.132813;
406, 12.207031;
407, 12.28125;
408, 12.355469;
409, 12.429688;
410, 12.503906;
411, 12.578125;
412, 12.652344;
413, 12.726563;
414, 12.800781;
415, 12.875;
416, 12.949219;
417, 13.023438;
418, 13.097656;
419, 13.171875;
420, 13.246094;
421, 13.320313;
422, 13.394531;
423, 13.46875;
424, 13.542969;
425, 13.617188;
426, 13.691406;
427, 13.765625;
428, 13.839844;
429, 13.914063;
430, 13.988281;
431, 14.0625;
432, 14.136719;
433, 14.210938;
434, 14.285156;
435, 14.359375;
436, 14.433594;
437, 14.507813;
438, 14.582031;
439, 14.65625;
440, 14.730469;
441, 14.804688;
442, 14.878906;
443, 14.953125;
444, 15.027344;
445, 15.101563;
446, 15.175781;
447, 15.25;
448, 15.324219;
449, 15.398438;
450, 15.472656;
451, 15.546875;
452, 15.621094;
453, 15.695313;
454, 15.769531;
455, 15.84375;
456, 15.917969;
457, 15.992188;
458, 16.066406;
459, 16.140625;
460, 16.214844;
461, 16.289063;
462, 16.363281;
463, 16.4375;
464, 16.511719;
465, 16.585938;
466, 16.660156;
467, 16.734375;
468, 16.808594;
469, 16.882813;
470, 16.957031;
471, 17.03125;
472, 17.105469;
473, 17.179688;
474, 17.253906;
475, 17.328125;
476, 17.402344;
477, 17.476563;
478, 17.550781;
479, 17.625;
480, 17.699219;
481, 17.773438;
482, 17.847656;
483, 17.921875;
484, 17.996094;
485, 18.070313;
486, 18.144531;
487, 18.21875;
488, 18.292969;
489, 18.367188;
490, 18.441406;
491, 18.515625;
492, 18.589844;
493, 18.664063;
494, 18.738281;
495, 18.8125;
496, 18.886719;
497, 18.960938;
498, 19.035156;
499, 19.109375;
500, 19.183594;
501, 19.257813;
502, 19.332031;
503, 19.40625;
504, 19.480469;
505, 19.554688;
506, 19.628906;
507, 19.703125;
508, 19.777344;
509, 19.851563;
510, 19.925781;
511, 20.;
