0, -16.;
1, -16.;
2, -16.;
3, -16.;
4, -16.;
5, -16.;
6, -16.;
7, -16.;
8, -16.;
9, -16.;
10, -16.;
11, -16.;
12, -16.;
13, -16.;
14, -16.;
15, -16.;
16, -16.;
17, -16.;
18, -16.;
19, -16.;
20, -16.;
21, -16.;
22, -16.;
23, -16.;
24, -16.;
25, -16.;
26, -16.;
27, -16.;
28, -16.;
29, -16.;
30, -16.;
31, -16.;
32, -16.;
33, -16.;
34, -16.;
35, -16.;
36, -16.;
37, -16.;
38, -16.;
39, -16.;
40, -8.;
41, -8.;
42, -8.;
43, -8.;
44, -8.;
45, -8.;
46, -8.;
47, -8.;
48, -8.;
49, -8.;
50, -8.;
51, -8.;
52, -8.;
53, -8.;
54, -8.;
55, -8.;
56, -8.;
57, -8.;
58, -8.;
59, -8.;
60, -8.;
61, -8.;
62, -8.;
63, -8.;
64, -8.;
65, -8.;
66, -8.;
67, -8.;
68, -8.;
69, -8.;
70, -8.;
71, -8.;
72, -8.;
73, -8.;
74, -8.;
75, -8.;
76, -8.;
77, -8.;
78, -8.;
79, -8.;
80, -8.;
81, -8.;
82, -8.;
83, -8.;
84, -8.;
85, -8.;
86, -8.;
87, -8.;
88, -8.;
89, -8.;
90, -8.;
91, -4.;
92, -4.;
93, -4.;
94, -4.;
95, -4.;
96, -4.;
97, -4.;
98, -4.;
99, -4.;
100, -4.;
101, -4.;
102, -4.;
103, -4.;
104, -4.;
105, -4.;
106, -4.;
107, -4.;
108, -4.;
109, -4.;
110, -4.;
111, -4.;
112, -4.;
113, -4.;
114, -4.;
115, -4.;
116, -4.;
117, -4.;
118, -4.;
119, -4.;
120, -4.;
121, -4.;
122, -4.;
123, -4.;
124, -4.;
125, -4.;
126, -4.;
127, -4.;
128, -4.;
129, -4.;
130, -4.;
131, -4.;
132, -4.;
133, -4.;
134, -4.;
135, -4.;
136, -4.;
137, -4.;
138, -4.;
139, -4.;
140, -4.;
141, -4.;
142, -2.;
143, -2.;
144, -2.;
145, -2.;
146, -2.;
147, -2.;
148, -2.;
149, -2.;
150, -2.;
151, -2.;
152, -2.;
153, -2.;
154, -2.;
155, -2.;
156, -2.;
157, -2.;
158, -2.;
159, -2.;
160, -2.;
161, -2.;
162, -2.;
163, -2.;
164, -2.;
165, -2.;
166, -2.;
167, -2.;
168, -2.;
169, -2.;
170, -2.;
171, -2.;
172, -2.;
173, -2.;
174, -2.;
175, -2.;
176, -2.;
177, -2.;
178, -2.;
179, -2.;
180, -2.;
181, -2.;
182, -2.;
183, -2.;
184, -2.;
185, -2.;
186, -2.;
187, -2.;
188, -2.;
189, -2.;
190, -2.;
191, -2.;
192, -2.;
193, -1.;
194, -1.;
195, -1.;
196, -1.;
197, -1.;
198, -1.;
199, -1.;
200, -1.;
201, -1.;
202, -1.;
203, -1.;
204, -1.;
205, -1.;
206, -1.;
207, -1.;
208, -1.;
209, -1.;
210, -1.;
211, -1.;
212, -1.;
213, -1.;
214, -1.;
215, -1.;
216, -1.;
217, -1.;
218, -1.;
219, -1.;
220, -1.;
221, -1.;
222, -1.;
223, -1.;
224, -1.;
225, -1.;
226, -1.;
227, -1.;
228, -1.;
229, -1.;
230, -1.;
231, -0.5;
232, -0.5;
233, -0.5;
234, -0.5;
235, -0.5;
236, -0.5;
237, -0.5;
238, -0.25;
239, -0.25;
240, -0.25;
241, -0.25;
242, -0.25;
243, 0.25;
244, 0.25;
245, 0.25;
246, 0.25;
247, 0.25;
248, 0.5;
249, 0.5;
250, 0.5;
251, 0.5;
252, 0.5;
253, 0.5;
254, 0.5;
255, 1.;
256, 1.;
257, 1.;
258, 1.;
259, 1.;
260, 1.;
261, 1.;
262, 1.;
263, 1.;
264, 1.;
265, 1.;
266, 1.;
267, 1.;
268, 1.;
269, 1.;
270, 1.;
271, 1.;
272, 1.;
273, 1.;
274, 1.;
275, 1.;
276, 1.;
277, 1.;
278, 1.;
279, 1.;
280, 1.;
281, 1.;
282, 1.;
283, 1.;
284, 1.;
285, 1.;
286, 1.;
287, 1.;
288, 1.;
289, 1.;
290, 1.;
291, 1.;
292, 1.;
293, 1.;
294, 1.;
295, 2.;
296, 2.;
297, 2.;
298, 2.;
299, 2.;
300, 2.;
301, 2.;
302, 2.;
303, 2.;
304, 2.;
305, 2.;
306, 2.;
307, 2.;
308, 2.;
309, 2.;
310, 2.;
311, 2.;
312, 2.;
313, 2.;
314, 2.;
315, 2.;
316, 2.;
317, 2.;
318, 2.;
319, 2.;
320, 2.;
321, 2.;
322, 2.;
323, 2.;
324, 2.;
325, 2.;
326, 2.;
327, 2.;
328, 2.;
329, 2.;
330, 2.;
331, 2.;
332, 2.;
333, 2.;
334, 2.;
335, 2.;
336, 2.;
337, 2.;
338, 2.;
339, 2.;
340, 2.;
341, 2.;
342, 2.;
343, 2.;
344, 2.;
345, 2.;
346, 4.;
347, 4.;
348, 4.;
349, 4.;
350, 4.;
351, 4.;
352, 4.;
353, 4.;
354, 4.;
355, 4.;
356, 4.;
357, 4.;
358, 4.;
359, 4.;
360, 4.;
361, 4.;
362, 4.;
363, 4.;
364, 4.;
365, 4.;
366, 4.;
367, 4.;
368, 4.;
369, 4.;
370, 4.;
371, 4.;
372, 4.;
373, 4.;
374, 4.;
375, 4.;
376, 4.;
377, 4.;
378, 4.;
379, 4.;
380, 4.;
381, 4.;
382, 4.;
383, 4.;
384, 4.;
385, 4.;
386, 4.;
387, 4.;
388, 4.;
389, 4.;
390, 4.;
391, 4.;
392, 4.;
393, 4.;
394, 4.;
395, 4.;
396, 4.;
397, 8.;
398, 8.;
399, 8.;
400, 8.;
401, 8.;
402, 8.;
403, 8.;
404, 8.;
405, 8.;
406, 8.;
407, 8.;
408, 8.;
409, 8.;
410, 8.;
411, 8.;
412, 8.;
413, 8.;
414, 8.;
415, 8.;
416, 8.;
417, 8.;
418, 8.;
419, 8.;
420, 8.;
421, 8.;
422, 8.;
423, 8.;
424, 8.;
425, 8.;
426, 8.;
427, 8.;
428, 8.;
429, 8.;
430, 8.;
431, 8.;
432, 8.;
433, 8.;
434, 8.;
435, 8.;
436, 8.;
437, 8.;
438, 8.;
439, 8.;
440, 8.;
441, 8.;
442, 8.;
443, 8.;
444, 8.;
445, 8.;
446, 8.;
447, 8.;
448, 16.;
449, 16.;
450, 16.;
451, 16.;
452, 16.;
453, 16.;
454, 16.;
455, 16.;
456, 16.;
457, 16.;
458, 16.;
459, 16.;
460, 16.;
461, 16.;
462, 16.;
463, 16.;
464, 16.;
465, 16.;
466, 16.;
467, 16.;
468, 16.;
469, 16.;
470, 16.;
471, 16.;
472, 16.;
473, 16.;
474, 16.;
475, 16.;
476, 16.;
477, 16.;
478, 16.;
479, 16.;
480, 16.;
481, 16.;
482, 16.;
483, 16.;
484, 16.;
485, 16.;
486, 16.;
487, 16.;
488, 16.;
489, 16.;
490, 16.;
491, 16.;
492, 16.;
493, 32.;
494, 32.;
495, 32.;
496, 32.;
497, 32.;
498, 32.;
499, 32.;
500, 32.;
501, 32.;
502, 32.;
503, 32.;
504, 32.;
505, 32.;
506, 32.;
507, 32.;
508, 32.;
509, 32.;
510, 32.;
511, 32.;
