0, -4.;
1, -4.;
2, -4.;
3, -4.;
4, -4.;
5, -4.;
6, -4.;
7, -4.;
8, -4.;
9, -4.;
10, -4.;
11, -4.;
12, -4.;
13, -4.;
14, -4.;
15, -4.;
16, -4.;
17, -4.;
18, -4.;
19, -4.;
20, -4.;
21, -4.;
22, -2.996614;
23, -2.996614;
24, -2.996614;
25, -2.996614;
26, -2.996614;
27, -2.996614;
28, -2.996614;
29, -2.996614;
30, -2.996614;
31, -2.996614;
32, -2.996614;
33, -2.996614;
34, -2.996614;
35, -2.996614;
36, -2.996614;
37, -2.996614;
38, -2.;
39, -2.;
40, -2.;
41, -2.;
42, -2.;
43, -2.;
44, -2.;
45, -2.;
46, -2.;
47, -2.;
48, -2.;
49, -2.;
50, -2.;
51, -2.;
52, -2.;
53, -2.;
54, -2.;
55, -2.;
56, -2.;
57, -2.;
58, -2.;
59, -2.;
60, -2.;
61, -1.498307;
62, -1.498307;
63, -1.498307;
64, -1.498307;
65, -1.498307;
66, -1.498307;
67, -1.498307;
68, -1.498307;
69, -1.498307;
70, -1.498307;
71, -1.498307;
72, -1.498307;
73, -1.498307;
74, -1.498307;
75, -1.498307;
76, -1.498307;
77, -1.;
78, -1.;
79, -1.;
80, -1.;
81, -1.;
82, -1.;
83, -1.;
84, -1.;
85, -1.;
86, -1.;
87, -1.;
88, -1.;
89, -1.;
90, -1.;
91, -1.;
92, -1.;
93, -1.;
94, -1.;
95, -1.;
96, -1.;
97, -1.;
98, -1.;
99, -0.749154;
100, -0.749154;
101, -0.749154;
102, -0.749154;
103, -0.749154;
104, -0.749154;
105, -0.749154;
106, -0.749154;
107, -0.749154;
108, -0.749154;
109, -0.749154;
110, -0.749154;
111, -0.749154;
112, -0.749154;
113, -0.749154;
114, -0.749154;
115, -0.5;
116, -0.5;
117, -0.5;
118, -0.5;
119, -0.5;
120, -0.5;
121, -0.5;
122, -0.5;
123, -0.5;
124, -0.5;
125, -0.5;
126, -0.5;
127, -0.5;
128, -0.5;
129, -0.5;
130, -0.5;
131, -0.5;
132, -0.5;
133, -0.5;
134, -0.5;
135, -0.5;
136, -0.5;
137, -0.5;
138, -0.374577;
139, -0.374577;
140, -0.374577;
141, -0.374577;
142, -0.374577;
143, -0.374577;
144, -0.374577;
145, -0.374577;
146, -0.374577;
147, -0.374577;
148, -0.374577;
149, -0.374577;
150, -0.374577;
151, -0.374577;
152, -0.374577;
153, -0.374577;
154, -0.25;
155, -0.25;
156, -0.25;
157, -0.25;
158, -0.25;
159, -0.25;
160, -0.25;
161, -0.25;
162, -0.25;
163, -0.25;
164, -0.25;
165, -0.25;
166, -0.25;
167, -0.25;
168, -0.25;
169, -0.25;
170, -0.25;
171, -0.25;
172, -0.25;
173, -0.25;
174, -0.25;
175, -0.25;
176, -0.25;
177, 0.25;
178, 0.25;
179, 0.25;
180, 0.25;
181, 0.25;
182, 0.25;
183, 0.25;
184, 0.25;
185, 0.25;
186, 0.25;
187, 0.25;
188, 0.25;
189, 0.25;
190, 0.25;
191, 0.25;
192, 0.25;
193, 0.25;
194, 0.25;
195, 0.25;
196, 0.25;
197, 0.374577;
198, 0.374577;
199, 0.374577;
200, 0.374577;
201, 0.374577;
202, 0.374577;
203, 0.374577;
204, 0.374577;
205, 0.374577;
206, 0.374577;
207, 0.374577;
208, 0.374577;
209, 0.374577;
210, 0.374577;
211, 0.374577;
212, 0.374577;
213, 0.5;
214, 0.5;
215, 0.5;
216, 0.5;
217, 0.5;
218, 0.5;
219, 0.5;
220, 0.5;
221, 0.5;
222, 0.5;
223, 0.5;
224, 0.5;
225, 0.5;
226, 0.5;
227, 0.5;
228, 0.5;
229, 0.5;
230, 0.5;
231, 0.5;
232, 0.5;
233, 0.5;
234, 0.5;
235, 0.5;
236, 0.749154;
237, 0.749154;
238, 0.749154;
239, 0.749154;
240, 0.749154;
241, 0.749154;
242, 0.749154;
243, 0.749154;
244, 0.749154;
245, 0.749154;
246, 0.749154;
247, 0.749154;
248, 0.749154;
249, 0.749154;
250, 0.749154;
251, 0.749154;
252, 1.;
253, 1.;
254, 1.;
255, 1.;
256, 1.;
257, 1.;
258, 1.;
259, 1.;
260, 1.;
261, 1.;
262, 1.;
263, 1.;
264, 1.;
265, 1.;
266, 1.;
267, 1.;
268, 1.;
269, 1.;
270, 1.;
271, 1.;
272, 1.;
273, 1.;
274, 1.498307;
275, 1.498307;
276, 1.498307;
277, 1.498307;
278, 1.498307;
279, 1.498307;
280, 1.498307;
281, 1.498307;
282, 1.498307;
283, 1.498307;
284, 1.498307;
285, 1.498307;
286, 1.498307;
287, 1.498307;
288, 1.498307;
289, 1.498307;
290, 2.;
291, 2.;
292, 2.;
293, 2.;
294, 2.;
295, 2.;
296, 2.;
297, 2.;
298, 2.;
299, 2.;
300, 2.;
301, 2.;
302, 2.;
303, 2.;
304, 2.;
305, 2.;
306, 2.;
307, 2.;
308, 2.;
309, 2.;
310, 2.;
311, 2.;
312, 2.;
313, 2.996614;
314, 2.996614;
315, 2.996614;
316, 2.996614;
317, 2.996614;
318, 2.996614;
319, 2.996614;
320, 2.996614;
321, 2.996614;
322, 2.996614;
323, 2.996614;
324, 2.996614;
325, 2.996614;
326, 2.996614;
327, 2.996614;
328, 2.996614;
329, 4.;
330, 4.;
331, 4.;
332, 4.;
333, 4.;
334, 4.;
335, 4.;
336, 4.;
337, 4.;
338, 4.;
339, 4.;
340, 4.;
341, 4.;
342, 4.;
343, 4.;
344, 4.;
345, 4.;
346, 4.;
347, 4.;
348, 4.;
349, 4.;
350, 4.;
351, 4.;
352, 5.993228;
353, 5.993228;
354, 5.993228;
355, 5.993228;
356, 5.993228;
357, 5.993228;
358, 5.993228;
359, 5.993228;
360, 5.993228;
361, 5.993228;
362, 5.993228;
363, 5.993228;
364, 5.993228;
365, 5.993228;
366, 5.993228;
367, 5.993228;
368, 8.;
369, 8.;
370, 8.;
371, 8.;
372, 8.;
373, 8.;
374, 8.;
375, 8.;
376, 8.;
377, 8.;
378, 8.;
379, 8.;
380, 8.;
381, 8.;
382, 8.;
383, 8.;
384, 8.;
385, 8.;
386, 8.;
387, 8.;
388, 8.;
389, 8.;
390, 11.986457;
391, 11.986457;
392, 11.986457;
393, 11.986457;
394, 11.986457;
395, 11.986457;
396, 11.986457;
397, 11.986457;
398, 11.986457;
399, 11.986457;
400, 11.986457;
401, 11.986457;
402, 11.986457;
403, 11.986457;
404, 11.986457;
405, 11.986457;
406, 16.;
407, 16.;
408, 16.;
409, 16.;
410, 16.;
411, 16.;
412, 16.;
413, 16.;
414, 16.;
415, 16.;
416, 16.;
417, 16.;
418, 16.;
419, 16.;
420, 16.;
421, 16.;
422, 16.;
423, 16.;
424, 16.;
425, 16.;
426, 16.;
427, 16.;
428, 16.;
429, 23.972913;
430, 23.972913;
431, 23.972913;
432, 23.972913;
433, 23.972913;
434, 23.972913;
435, 23.972913;
436, 23.972913;
437, 23.972913;
438, 23.972913;
439, 23.972913;
440, 23.972913;
441, 23.972913;
442, 23.972913;
443, 23.972913;
444, 23.972913;
445, 32.;
446, 32.;
447, 32.;
448, 32.;
449, 32.;
450, 32.;
451, 32.;
452, 32.;
453, 32.;
454, 32.;
455, 32.;
456, 32.;
457, 32.;
458, 32.;
459, 32.;
460, 32.;
461, 32.;
462, 32.;
463, 32.;
464, 32.;
465, 32.;
466, 32.;
467, 32.;
468, 47.945826;
469, 47.945826;
470, 47.945826;
471, 47.945826;
472, 47.945826;
473, 47.945826;
474, 47.945826;
475, 47.945826;
476, 47.945826;
477, 47.945826;
478, 47.945826;
479, 47.945826;
480, 47.945826;
481, 47.945826;
482, 47.945826;
483, 47.945826;
484, 64.;
485, 64.;
486, 64.;
487, 64.;
488, 64.;
489, 64.;
490, 64.;
491, 64.;
492, 64.;
493, 64.;
494, 64.;
495, 64.;
496, 64.;
497, 64.;
498, 64.;
499, 64.;
500, 64.;
501, 64.;
502, 64.;
503, 64.;
504, 64.;
505, 64.;
506, 95.891653;
507, 95.891653;
508, 95.891653;
509, 95.891653;
510, 95.891653;
511, 95.891653;
